1; 410; 410;
2; 430; 430;
3; 420; -1;
4; 415; -1;
5; 435; 435;
6; 430; 430;
7; 425; -1;
8; 450; 450;
9; 415; 415;
10; 405; -1;
11; 415; -1;
12; 430; 430;
13; 420; 420;
14; 440; 240;
15; 425; 320;
16; 430; 430;
17; 435; -1;
18; 420; 335;
19; 425; 425;
20; 435; 435;
21; 420; 225;
22; 445; 215;
23; 410; 410;
24; 405; 275;
25; 415; 415;
26; 405; 405;
27; 430; 430;
28; 415; 415;
29; 415; 415;
30; 445; 445;
31; 420; 420;
32; 420; -1;
33; 415; 415;
34; 405; -1;
35; 420; 420;
36; 440; 440;
37; 425; 265;
38; 405; 405;
39; 435; 435;
40; 415; 415;
41; 435; 435;
42; 450; 220;
43; 420; 420;
44; 420; 285;
45; 415; -1;
46; 450; 340;
47; 425; 425;
48; 420; 250;
49; 420; 420;
50; 430; 430;
51; 425; 425;
52; 405; 330;
53; 410; 410;
54; 420; 420;
55; 435; 435;
56; 415; 275;
57; 425; 425;
58; 420; 420;
59; 440; 440;
60; 420; 420;
61; 415; -1;
62; 420; 200;
63; 430; 430;
64; 420; -1;
65; 425; 330;
66; 420; 420;
67; 445; 445;
68; 420; 420;
69; 425; 295;
70; 445; 255;
71; 435; -1;
72; 415; -1;
73; 435; 435;
74; 420; 420;
75; 440; 440;
76; 425; 425;
77; 420; -1;
78; 420; 145;
79; 410; 275;
80; 445; 260;
81; 420; -1;
82; 420; 420;
83; 410; 410;
84; 415; 195;
85; 425; 245;
86; 415; 415;
87; 450; 450;
88; 420; 420;
89; 425; 425;
90; 420; 420;
91; 415; 330;
92; 405; 405;
93; 420; 420;
94; 430; 430;
95; 440; 440;
96; 415; 415;
97; 420; 420;
98; 405; 405;
99; 430; -1;
100; 440; 320;
101; 0; 440;
102; 415; -1;
103; 415; 180;
104; 405; 405;
105; 430; -1;
106; 415; 205;
107; 415; 415;
108; 435; 435;
109; 430; 430;
110; 415; 415;
111; 440; 270;
112; 405; 405;
113; 435; 320;
114; 425; 425;
115; 415; -1;
116; 420; 420;
117; 450; 450;
118; 415; 295;
119; 410; 335;
120; 430; 430;
121; 445; 175;
122; 440; 440;
123; 430; 430;
124; 420; 420;
125; 415; 415;
126; 455; -1;
127; 430; 430;
128; 440; 440;
129; 420; 420;
130; 425; 425;
131; 405; -1;
132; 440; 440;
133; 420; 420;
134; 410; -1;
135; 430; 310;
136; 400; -1;
137; 450; 175;
138; 435; 325;
139; 395; 395;
140; 430; 430;
141; 420; 420;
142; 430; -1;
143; 430; -1;
144; 430; 275;
145; 430; 430;
146; 420; 230;
147; 420; 420;
148; 400; -1;
149; 410; 285;
150; 425; 315;
151; 420; 420;
152; 420; 420;
153; 425; -1;
154; 410; -1;
155; 420; 420;
156; 435; 325;
157; 440; 440;
158; 430; 430;
159; 420; 155;
160; 435; 435;
161; 415; 375;
162; 430; 430;
163; 435; 435;
164; 430; 430;
165; 430; 430;
166; 420; 420;
167; 410; 410;
168; 420; 420;
169; 435; 435;
170; 440; -1;
171; 430; 285;
172; 435; 435;
173; 420; -1;
174; 425; 425;
175; 425; -1;
176; 415; 415;
177; 410; -1;
178; 425; 425;
179; 425; -1;
180; 430; 430;
181; 420; 420;
182; 410; -1;
183; 445; 445;
184; 430; 430;
185; 440; 440;
186; 435; 435;
187; 420; -1;
188; 430; 430;
189; 420; 420;
190; 425; -1;
191; 415; 415;
192; 415; -1;
193; 430; -1;
194; 445; 445;
195; 445; -1;
196; 430; -1;
197; 420; 420;
198; 440; 440;
199; 425; 335;
200; 400; 400;
201; 435; 435;
202; 420; -1;
203; 430; 430;
204; 430; 430;
205; 415; 415;
206; 435; 250;
207; 440; 440;
208; 400; 400;
209; 435; -1;
210; 415; 190;
211; 440; 440;
212; 440; 440;
213; 435; -1;
214; 435; 435;
215; 420; 345;
216; 420; 420;
217; 425; 425;
218; 450; 450;
219; 430; 430;
220; 445; 310;
221; 435; 435;
222; 430; 430;
223; 430; 430;
224; 425; 425;
225; 410; 410;
226; 420; -1;
227; 435; 435;
228; 420; -1;
229; 405; 250;
230; 430; 430;
231; 410; 410;
232; 420; 340;
233; 415; -1;
234; 415; 415;
235; 430; 245;
236; 430; 235;
237; 425; 425;
238; 420; 325;
239; 420; 420;
240; 420; -1;
241; 425; -1;
242; 410; 350;
243; 415; 220;
244; 425; 425;
245; 425; 170;
246; 435; -1;
247; 430; 430;
248; 420; 420;
249; 425; 310;
250; 405; 405;
251; 415; 415;
252; 430; 430;
253; 430; 430;
254; 435; 435;
255; 420; 420;
256; 435; 245;
257; 435; 435;
258; 430; 430;
259; 425; 425;
260; 405; 100;
261; 420; 255;
262; 415; 415;
263; 420; 420;
264; 420; 420;
265; 410; -1;
266; 420; 420;
267; 400; 240;
268; 420; 420;
269; 440; 440;
270; 420; 295;
271; 410; -1;
272; 445; 445;
273; 420; -1;
274; 420; 420;
275; 460; 460;
276; 415; 415;
277; 405; 405;
278; 440; 440;
279; 420; -1;
280; 430; 260;
281; 430; 285;
282; 435; -1;
283; 420; -1;
284; 435; 435;
285; 435; 290;
286; 425; 425;
287; 440; 300;
288; 425; 425;
289; 430; 430;
290; 410; 325;
291; 425; 425;
292; 415; 415;
293; 415; 360;
294; 410; 410;
295; 435; 435;
296; 435; 435;
297; 445; 445;
298; 435; 435;
299; 440; 440;
300; 425; 275;
301; 430; 430;
302; 435; -1;
303; 425; -1;
304; 430; 430;
305; 430; 255;
306; 430; 430;
307; 435; 290;
308; 430; 430;
309; 415; 415;
310; 430; 430;
311; 430; 430;
312; 415; 415;
313; 415; 415;
314; 415; 415;
315; 435; 435;
316; 415; 415;
317; 420; 420;
318; 420; 285;
319; 430; 430;
320; 420; 420;
321; 435; -1;
322; 435; -1;
323; 415; 415;
324; 425; -1;
325; 415; 415;
326; 425; 425;
327; 415; 415;
328; 410; 410;
329; 415; 280;
330; 425; -1;
331; 435; 435;
332; 425; 425;
333; 435; 435;
334; 430; -1;
335; 415; 415;
336; 425; -1;
337; 420; -1;
338; 445; -1;
339; 415; 415;
340; 450; 450;
341; 415; 415;
342; 425; 425;
343; 415; 360;
344; 420; 280;
345; 420; -1;
346; 420; 420;
347; 425; -1;
348; 450; 450;
349; 425; 425;
350; 425; 425;
351; 415; 415;
352; 455; 455;
353; 415; 415;
354; 430; 430;
355; 415; 320;
356; 420; 280;
357; 415; 295;
358; 405; 270;
359; 415; 310;
360; 420; 420;
361; 435; 345;
362; 425; 425;
363; 415; 415;
364; 420; 420;
365; 430; 220;
366; 420; 420;
367; 430; 430;
368; 410; 410;
369; 415; 300;
370; 425; -1;
371; 440; 440;
372; 435; 435;
373; 425; 425;
374; 405; 405;
375; 435; -1;
376; 420; 420;
377; 415; 415;
378; 450; 450;
379; 410; 320;
380; 420; 420;
381; 435; -1;
382; 435; -1;
383; 425; -1;
384; 420; 420;
385; 420; 265;
386; 420; -1;
387; 435; 435;
388; 420; 235;
389; 430; 430;
390; 430; 230;
391; 430; 430;
392; 435; -1;
393; 430; 430;
394; 400; 400;
395; 415; 340;
396; 425; 425;
397; 425; -1;
398; 435; 435;
399; 410; 345;
400; 425; 280;
401; 420; 420;
402; 460; 460;
403; 415; 265;
404; 425; 425;
405; 435; 435;
406; 420; 225;
407; 425; 425;
408; 420; 420;
409; 415; 415;
410; 415; 415;
411; 430; 430;
412; 415; 185;
413; 430; 315;
414; 440; 440;
415; 415; 270;
416; 415; 415;
417; 435; 370;
418; 400; 400;
419; 420; -1;
420; 415; -1;
421; 425; -1;
422; 420; 420;
423; 450; 280;
424; 410; 225;
425; 430; -1;
426; 425; 425;
427; 420; 420;
428; 425; 360;
429; 440; 440;
430; 430; 430;
431; 430; 430;
432; 415; 415;
433; 430; -1;
434; 410; 410;
435; 425; -1;
436; 420; 420;
437; 420; -1;
438; 430; 430;
439; 400; 400;
440; 420; 420;
441; 430; -1;
442; 410; 255;
443; 425; 425;
444; 425; 425;
445; 430; 430;
446; 435; 220;
447; 420; 420;
448; 435; 435;
449; 410; 360;
450; 440; 440;
451; 420; 420;
452; 440; 440;
453; 420; 420;
454; 470; 470;
455; 440; 440;
456; 430; 430;
457; 420; 420;
458; 410; 410;
459; 425; -1;
460; 460; 460;
461; 420; 420;
462; 455; -1;
463; 405; -1;
464; 410; 410;
465; 435; 155;
466; 425; 425;
467; 425; -1;
468; 425; 275;
469; 415; 375;
470; 420; 310;
471; 425; 425;
472; 440; -1;
473; 420; 420;
474; 415; -1;
475; 420; 285;
476; 445; 445;
477; 415; 195;
478; 415; 415;
479; 415; 135;
480; 425; 425;
481; 415; 415;
482; 400; -1;
483; 430; -1;
484; 420; -1;
485; 425; 425;
486; 435; 435;
487; 430; 150;
488; 400; 400;
489; 420; -1;
490; 415; 415;
491; 430; 430;
492; 425; -1;
493; 440; 440;
494; 410; 230;
495; 430; 430;
496; 425; 310;
497; 430; 430;
498; 425; 425;
499; 425; 425;
500; 400; 400;
501; 425; -1;
502; 420; 420;
503; 415; 415;
504; 435; 435;
505; 435; 435;
506; 420; 205;
507; 405; 405;
508; 415; 415;
509; 425; 315;
510; 405; -1;
511; 430; 190;
512; 440; 280;
513; 435; 435;
514; 420; 420;
515; 425; -1;
516; 420; 420;
517; 425; 425;
518; 430; 180;
519; 420; 420;
520; 430; 430;
521; 415; 415;
522; 450; 450;
523; 440; 160;
524; 415; 415;
525; 420; 420;
526; 420; -1;
527; 440; -1;
528; 420; -1;
529; 420; 420;
530; 420; 250;
531; 425; 355;
532; 430; 430;
533; 430; 175;
534; 410; 410;
535; 420; 420;
536; 430; 365;
537; 425; 360;
538; 425; 425;
539; 435; 280;
540; 415; 220;
541; 435; 435;
542; 430; 250;
543; 415; 415;
544; 420; 420;
545; 430; 430;
546; 435; 365;
547; 425; 425;
548; 425; 425;
549; 440; 440;
550; 435; 315;
551; 425; 385;
552; 415; 415;
553; 425; -1;
554; 420; 420;
555; 420; -1;
556; 410; -1;
557; 430; 430;
558; 410; 410;
559; 430; 430;
560; 425; 290;
561; 410; -1;
562; 445; -1;
563; 420; 420;
564; 440; 440;
565; 430; 405;
566; 415; -1;
567; 435; 435;
568; 415; 340;
569; 430; 430;
570; 425; 155;
571; 425; -1;
572; 445; 445;
573; 425; 300;
574; 440; 325;
575; 420; -1;
576; 405; 405;
577; 410; -1;
578; 420; -1;
579; 430; 430;
580; 415; 205;
581; 430; 285;
582; 430; 430;
583; 415; -1;
584; 400; 400;
585; 425; 425;
586; 420; 420;
587; 425; 425;
588; 430; 430;
589; 440; 440;
590; 415; 415;
591; 435; 435;
592; 420; -1;
593; 425; 425;
594; 435; 290;
595; 440; 440;
596; 430; 430;
597; 430; 430;
598; 440; 440;
599; 420; 310;
600; 415; 415;
601; 415; -1;
602; 435; 435;
603; 410; 410;
604; 425; -1;
605; 420; 385;
606; 425; 425;
607; 420; 280;
608; 415; 260;
609; 435; 330;
610; 420; -1;
611; 415; 330;
612; 425; -1;
613; 430; 430;
614; 440; 300;
615; 435; 435;
616; 440; 440;
617; 420; 420;
618; 420; -1;
619; 415; 245;
620; 415; 310;
621; 410; -1;
622; 440; 440;
623; 450; 295;
624; 415; 415;
625; 420; -1;
626; 435; 220;
627; 430; 430;
628; 440; 265;
629; 415; -1;
630; 435; 435;
631; 425; 425;
632; 425; 425;
633; 420; 80;
634; 415; -1;
635; 420; -1;
636; 435; 435;
637; 420; 420;
638; 420; -1;
639; 435; 435;
640; 435; -1;
641; 420; 305;
642; 455; 455;
643; 440; 230;
644; 410; 410;
645; 430; 430;
646; 405; -1;
647; 420; 280;
648; 420; 420;
649; 425; -1;
650; 450; 265;
651; 425; -1;
652; 430; -1;
653; 415; -1;
654; 420; 420;
655; 430; 270;
656; 415; 415;
657; 415; 340;
658; 420; 420;
659; 410; -1;
660; 425; 315;
661; 440; 440;
662; 420; 420;
663; 435; 435;
664; 445; 445;
665; 425; -1;
666; 455; 455;
667; 440; 440;
668; 440; 440;
669; 420; -1;
670; 415; 280;
671; 420; -1;
672; 420; 195;
673; 425; 300;
674; 435; 325;
675; 445; 445;
676; 450; 300;
677; 440; 440;
678; 425; 425;
679; 420; 420;
680; 425; 245;
681; 420; -1;
682; 435; 435;
683; 415; 415;
684; 425; 275;
685; 415; 415;
686; 415; 415;
687; 440; -1;
688; 425; -1;
689; 425; 425;
690; 425; 425;
691; 425; 340;
692; 415; 415;
693; 440; -1;
694; 425; -1;
695; 445; 445;
696; 405; -1;
697; 405; 405;
698; 445; 445;
699; 425; 275;
700; 430; 430;
701; 435; 270;
702; 425; 425;
703; 430; 430;
704; 425; 95;
705; 410; 410;
706; 425; 50;
707; 430; 430;
708; 435; 435;
709; 440; 440;
710; 425; 425;
711; 415; -1;
712; 440; 380;
713; 425; 425;
714; 405; 330;
715; 425; 425;
716; 430; 430;
717; 420; 420;
718; 410; 410;
719; 415; -1;
720; 405; 225;
721; 430; 430;
722; 425; 425;
723; 415; 415;
724; 420; 420;
725; 410; -1;
726; 420; -1;
727; 435; 280;
728; 425; 185;
729; 415; 415;
730; 420; 230;
731; 410; 130;
732; 430; 430;
733; 425; -1;
734; 415; 375;
735; 440; 440;
736; 430; 320;
737; 440; 345;
738; 420; 420;
739; 400; 400;
740; 425; 425;
741; 425; 425;
742; 410; 310;
743; 425; 250;
744; 425; -1;
745; 420; 275;
746; 415; 300;
747; 435; 435;
748; 430; 430;
749; 450; -1;
750; 450; 450;
751; 410; -1;
752; 405; -1;
753; 430; 195;
754; 455; 455;
755; 420; 420;
756; 430; -1;
757; 425; 425;
758; 440; 440;
759; 440; 440;
760; 415; 415;
761; 410; 410;
762; 410; 230;
763; 415; 415;
764; 420; -1;
765; 410; 410;
766; 430; 430;
767; 430; -1;
768; 415; 165;
769; 435; 435;
770; 430; -1;
771; 425; 285;
772; 425; 425;
773; 435; 435;
774; 420; 105;
775; 430; 430;
776; 430; -1;
777; 430; 335;
778; 415; 415;
779; 430; 255;
780; 425; 425;
781; 425; 425;
782; 420; 420;
783; 435; 435;
784; 420; 280;
785; 445; -1;
786; 430; 430;
787; 430; 280;
788; 415; 280;
789; 430; -1;
790; 420; 335;
791; 435; 435;
792; 420; -1;
793; 445; 305;
794; 425; 425;
795; 425; 425;
796; 440; 440;
797; 405; 405;
798; 450; 265;
799; 415; -1;
800; 405; 405;
801; 410; 410;
802; 415; -1;
803; 435; 435;
804; 410; 320;
805; 415; -1;
806; 435; -1;
807; 410; 410;
808; 415; 415;
809; 425; 425;
810; 410; 275;
811; 440; 245;
812; 425; 385;
813; 425; 425;
814; 430; -1;
815; 415; 240;
816; 440; 440;
817; 420; 330;
818; 425; 425;
819; 415; 415;
820; 415; 415;
821; 435; 235;
822; 410; 365;
823; 430; 265;
824; 410; 410;
825; 440; 440;
826; 410; -1;
827; 440; 440;
828; 415; -1;
829; 420; 420;
830; 440; 230;
831; 415; 415;
832; 435; 355;
833; 415; 415;
834; 415; -1;
835; 420; 320;
836; 420; -1;
837; 425; 425;
838; 425; 270;
839; 425; 425;
840; 420; 420;
841; 425; 425;
842; 440; 440;
843; 420; -1;
844; 415; -1;
845; 420; 420;
846; 420; 330;
847; 420; -1;
848; 415; -1;
849; 430; 430;
850; 420; 420;
851; 430; 430;
852; 415; 350;
853; 425; 350;
854; 425; 425;
855; 415; 235;
856; 405; 405;
857; 400; -1;
858; 430; 430;
859; 410; 410;
860; 450; 450;
861; 425; 425;
862; 420; 420;
863; 435; 155;
864; 440; 440;
865; 435; 435;
866; 420; 420;
867; 435; 435;
868; 425; 260;
869; 445; 445;
870; 430; 210;
871; 435; 435;
872; 415; 415;
873; 420; -1;
874; 430; 430;
875; 410; 410;
876; 420; 265;
877; 420; 260;
878; 415; 275;
879; 440; 325;
880; 435; 435;
881; 415; 165;
882; 430; 430;
883; 430; 430;
884; 430; 430;
885; 430; 430;
886; 415; 415;
887; 435; 245;
888; 440; -1;
889; 425; 425;
890; 450; -1;
891; 430; 290;
892; 415; 415;
893; 420; 420;
894; 415; 415;
895; 410; 410;
896; 415; 415;
897; 455; 455;
898; 430; -1;
899; 415; 415;
900; 430; -1;
901; 420; -1;
902; 420; 420;
903; 425; 425;
904; 430; 430;
905; 430; 330;
906; 430; 260;
907; 430; 430;
908; 435; -1;
909; 460; 300;
910; 425; 425;
911; 420; 340;
912; 435; 435;
913; 410; 295;
914; 440; -1;
915; 430; 430;
916; 420; 420;
917; 420; 420;
918; 420; 420;
919; 445; 445;
920; 420; 420;
921; 450; 450;
922; 435; -1;
923; 440; 440;
924; 425; 425;
925; 420; 420;
926; 435; 435;
927; 405; 405;
928; 410; 410;
929; 425; 425;
930; 440; 440;
931; 415; 225;
932; 425; 255;
933; 420; 195;
934; 430; 430;
935; 415; 415;
936; 435; 435;
937; 420; 195;
938; 420; 420;
939; 445; -1;
940; 425; 425;
941; 440; 440;
942; 455; 455;
943; 435; 220;
944; 430; 430;
945; 435; 435;
946; 420; 420;
947; 430; 430;
948; 445; 445;
949; 415; 225;
950; 420; 240;
951; 430; -1;
952; 405; 405;
953; 440; 440;
954; 415; 285;
955; 415; 415;
956; 410; 310;
957; 420; -1;
958; 440; -1;
959; 415; 250;
960; 445; 445;
961; 420; -1;
962; 415; 415;
963; 425; 425;
964; 415; -1;
965; 455; 365;
966; 410; 410;
967; 415; 415;
968; 405; -1;
969; 425; 290;
970; 410; 260;
971; 435; -1;
972; 435; 435;
973; 420; 420;
974; 415; 280;
975; 420; -1;
976; 425; 425;
977; 415; -1;
978; 440; 290;
979; 420; 420;
980; 440; 280;
981; 435; -1;
982; 410; 410;
983; 430; 275;
984; 415; -1;
985; 410; 410;
986; 435; 435;
987; 425; 425;
988; 0; 405;
989; 430; -1;
990; 405; 405;
991; 420; 240;
992; 405; 405;
993; 405; 325;
994; 430; 345;
995; 415; 415;
996; 425; 425;
997; 420; 420;
998; 435; -1;
999; 420; 420;
1000; 405; 405;
