1; 425; 125;
2; 415; 255;
3; 425; 250;
4; 415; -1;
5; 415; -1;
6; 420; 130;
7; 430; 330;
8; 405; 265;
9; 415; 170;
10; 420; 280;
11; 410; 345;
12; 425; 295;
13; 430; -1;
14; 420; 260;
15; 420; 355;
16; 425; -1;
17; 420; 275;
18; 435; 305;
19; 430; 400;
20; 425; -1;
21; 430; 315;
22; 415; -1;
23; 420; -1;
24; 435; 290;
25; 420; 325;
26; 420; 340;
27; 425; -1;
28; 450; -1;
29; 415; 340;
30; 425; 335;
31; 430; 285;
32; 420; 310;
33; 425; 315;
34; 460; 310;
35; 410; 170;
36; 440; 230;
37; 430; 225;
38; 435; 355;
39; 425; 280;
40; 430; 300;
41; 430; -1;
42; 405; 230;
43; 410; -1;
44; 410; -1;
45; 440; 360;
46; 435; 260;
47; 430; 275;
48; 415; 225;
49; 425; 295;
50; 430; 315;
51; 420; -1;
52; 415; 305;
53; 440; -1;
54; 435; 235;
55; 430; 410;
56; 425; 280;
57; 430; 205;
58; 445; 385;
59; 420; -1;
60; 400; 330;
61; 450; 275;
62; 435; 100;
63; 415; 295;
64; 400; -1;
65; 430; -1;
66; 415; 290;
67; 425; -1;
68; 425; 270;
69; 425; -1;
70; 420; 235;
71; 430; 180;
72; 405; 295;
73; 440; 230;
74; 445; -1;
75; 425; 335;
76; 420; 315;
77; 415; 250;
78; 415; -1;
79; 425; 305;
80; 425; 280;
81; 430; 185;
82; 420; -1;
83; 415; 215;
84; 405; -1;
85; 435; 265;
86; 430; 370;
87; 425; -1;
88; 415; 185;
89; 425; -1;
90; 440; 280;
91; 415; -1;
92; 420; -1;
93; 415; -1;
94; 400; -1;
95; 420; 315;
96; 430; -1;
97; 420; 240;
98; 415; 235;
99; 445; -1;
100; 435; 380;
101; 435; 310;
102; 430; 340;
103; 425; -1;
104; 415; -1;
105; 430; 305;
106; 445; -1;
107; 410; -1;
108; 415; 315;
109; 425; 260;
110; 420; 325;
111; 450; 260;
112; 420; -1;
113; 420; 350;
114; 440; 220;
115; 420; 280;
116; 410; 345;
117; 420; 200;
118; 435; 260;
119; 455; -1;
120; 445; -1;
121; 430; -1;
122; 410; 340;
123; 425; -1;
124; 415; 225;
125; 430; 340;
126; 435; 315;
127; 430; -1;
128; 425; -1;
129; 410; 195;
130; 415; -1;
131; 420; -1;
132; 430; -1;
133; 435; -1;
134; 430; -1;
135; 425; 265;
136; 435; -1;
137; 400; 205;
138; 425; -1;
139; 410; 280;
140; 435; 390;
141; 425; 230;
142; 420; 210;
143; 415; 255;
144; 420; -1;
145; 415; 210;
146; 420; 270;
147; 415; -1;
148; 420; 285;
149; 425; -1;
150; 420; 310;
151; 410; 145;
152; 420; 295;
153; 440; 275;
154; 415; -1;
155; 440; -1;
156; 435; 350;
157; 425; 295;
158; 420; -1;
159; 410; 330;
160; 415; -1;
161; 425; -1;
162; 435; 360;
163; 435; 280;
164; 430; 245;
165; 415; 335;
166; 430; -1;
167; 425; -1;
168; 435; 210;
169; 420; -1;
170; 420; 315;
171; 425; -1;
172; 430; 290;
173; 430; 280;
174; 415; 295;
175; 425; 375;
176; 415; 245;
177; 415; 255;
178; 415; -1;
179; 420; 220;
180; 430; 200;
181; 430; 315;
182; 445; -1;
183; 435; 215;
184; 410; -1;
185; 415; 360;
186; 425; 295;
187; 440; -1;
188; 420; 170;
189; 425; 170;
190; 410; 250;
191; 420; -1;
192; 415; 280;
193; 425; -1;
194; 435; -1;
195; 425; 355;
196; 415; 200;
197; 395; 260;
198; 420; -1;
199; 415; 220;
200; 435; 315;
201; 435; -1;
202; 425; 250;
203; 420; -1;
204; 420; 150;
205; 445; -1;
206; 420; -1;
207; 430; -1;
208; 425; -1;
209; 405; 245;
210; 425; -1;
211; 425; -1;
212; 430; 250;
213; 430; 360;
214; 420; 310;
215; 445; -1;
216; 425; 240;
217; 435; 290;
218; 455; -1;
219; 410; -1;
220; 435; -1;
221; 425; 365;
222; 425; 245;
223; 435; 275;
224; 435; -1;
225; 425; -1;
226; 425; 350;
227; 420; -1;
228; 430; 305;
229; 425; 325;
230; 405; -1;
231; 420; 255;
232; 415; 270;
233; 445; 245;
234; 425; 360;
235; 450; 190;
236; 410; 320;
237; 435; 340;
238; 435; -1;
239; 400; -1;
240; 420; -1;
241; 420; -1;
242; 410; -1;
243; 425; 220;
244; 420; 145;
245; 430; 295;
246; 415; -1;
247; 420; 355;
248; 440; 280;
249; 415; 345;
250; 425; 355;
251; 435; 340;
252; 410; 245;
253; 425; -1;
254; 435; 250;
255; 425; -1;
256; 420; 245;
257; 410; 290;
258; 415; 295;
259; 425; -1;
260; 440; -1;
261; 415; -1;
262; 400; -1;
263; 460; 200;
264; 420; 250;
265; 440; 320;
266; 435; 185;
267; 435; 325;
268; 410; -1;
269; 435; 190;
270; 430; 235;
271; 415; -1;
272; 430; 260;
273; 435; 240;
274; 445; -1;
275; 425; -1;
276; 445; 345;
277; 430; -1;
278; 445; 255;
279; 440; -1;
280; 410; 270;
281; 420; -1;
282; 425; 290;
283; 425; -1;
284; 415; -1;
285; 430; 310;
286; 410; 175;
287; 440; -1;
288; 425; 170;
289; 425; 290;
290; 440; 160;
291; 425; 355;
292; 460; 230;
293; 430; -1;
294; 420; 250;
295; 425; 250;
296; 445; 360;
297; 415; -1;
298; 420; 280;
299; 425; -1;
300; 405; 230;
301; 445; -1;
302; 430; 260;
303; 420; -1;
304; 440; 205;
305; 410; 270;
306; 440; 235;
307; 435; 340;
308; 410; 330;
309; 425; -1;
310; 415; 245;
311; 450; 335;
312; 410; -1;
313; 435; -1;
314; 415; -1;
315; 430; 325;
316; 410; 315;
317; 425; 385;
318; 455; -1;
319; 420; -1;
320; 435; 225;
321; 420; -1;
322; 435; 305;
323; 425; -1;
324; 425; 260;
325; 415; 340;
326; 425; 175;
327; 410; 370;
328; 410; 210;
329; 415; 235;
330; 445; 175;
331; 425; 185;
332; 455; -1;
333; 430; -1;
334; 430; -1;
335; 430; -1;
336; 430; 260;
337; 460; -1;
338; 425; -1;
339; 410; 315;
340; 400; 340;
341; 440; 250;
342; 420; 360;
343; 440; 290;
344; 415; 100;
345; 430; 335;
346; 425; 240;
347; 430; -1;
348; 445; 250;
349; 435; -1;
350; 445; 135;
351; 410; -1;
352; 425; 285;
353; 410; 270;
354; 405; 225;
355; 415; 215;
356; 455; 280;
357; 425; -1;
358; 410; -1;
359; 450; 245;
360; 420; -1;
361; 435; -1;
362; 435; 315;
363; 410; -1;
364; 425; 220;
365; 420; 280;
366; 425; -1;
367; 425; 280;
368; 430; 360;
369; 420; 250;
370; 445; -1;
371; 420; -1;
372; 450; -1;
373; 430; 260;
374; 440; 280;
375; 430; -1;
376; 410; -1;
377; 410; 240;
378; 435; -1;
379; 415; 260;
380; 445; -1;
381; 430; -1;
382; 435; 275;
383; 420; 225;
384; 430; 180;
385; 420; 330;
386; 435; 325;
387; 415; -1;
388; 405; -1;
389; 440; -1;
390; 425; 235;
391; 420; -1;
392; 425; -1;
393; 410; 285;
394; 430; 330;
395; 415; -1;
396; 425; 90;
397; 450; 275;
398; 420; -1;
399; 415; -1;
400; 435; -1;
401; 430; 360;
402; 425; -1;
403; 440; 370;
404; 425; 310;
405; 420; -1;
406; 440; 335;
407; 415; 365;
408; 445; 305;
409; 440; 140;
410; 405; 310;
411; 435; 200;
412; 415; -1;
413; 420; 150;
414; 405; -1;
415; 430; 205;
416; 425; 325;
417; 435; 205;
418; 400; 250;
419; 415; 245;
420; 425; 285;
421; 435; 165;
422; 410; 335;
423; 430; -1;
424; 435; 125;
425; 430; 305;
426; 435; -1;
427; 415; 275;
428; 425; -1;
429; 435; -1;
430; 435; 275;
431; 450; -1;
432; 425; -1;
433; 425; -1;
434; 415; -1;
435; 425; 345;
436; 435; 310;
437; 430; -1;
438; 445; 320;
439; 455; -1;
440; 425; 230;
441; 435; 265;
442; 420; -1;
443; 445; 215;
444; 420; -1;
445; 415; 220;
446; 420; 335;
447; 415; 210;
448; 425; 175;
449; 415; -1;
450; 410; 230;
451; 430; -1;
452; 430; 250;
453; 410; -1;
454; 425; -1;
455; 400; -1;
456; 430; 365;
457; 420; -1;
458; 430; -1;
459; 435; 270;
460; 425; 345;
461; 435; 375;
462; 440; 405;
463; 425; -1;
464; 420; -1;
465; 410; 290;
466; 425; -1;
467; 435; 300;
468; 415; -1;
469; 415; 280;
470; 420; -1;
471; 420; -1;
472; 430; -1;
473; 430; 275;
474; 400; 325;
475; 425; -1;
476; 415; 285;
477; 425; 290;
478; 405; 305;
479; 445; 285;
480; 435; -1;
481; 440; 260;
482; 420; -1;
483; 430; 315;
484; 420; 255;
485; 425; 320;
486; 450; 325;
487; 420; 385;
488; 450; 320;
489; 455; 300;
490; 445; 335;
491; 435; 205;
492; 435; -1;
493; 430; 220;
494; 430; 320;
495; 450; 405;
496; 415; 365;
497; 415; -1;
498; 410; 320;
499; 440; 260;
500; 440; -1;
501; 440; 295;
502; 420; -1;
503; 440; -1;
504; 410; 375;
505; 420; 350;
506; 425; -1;
507; 430; -1;
508; 420; -1;
509; 415; 390;
510; 440; -1;
511; 410; 255;
512; 425; 280;
513; 435; 300;
514; 435; 315;
515; 420; 270;
516; 430; 210;
517; 415; 345;
518; 430; 270;
519; 430; 240;
520; 420; 310;
521; 430; 285;
522; 420; -1;
523; 425; 270;
524; 440; -1;
525; 410; 250;
526; 420; 420;
527; 435; 245;
528; 415; 150;
529; 430; 300;
530; 415; 280;
531; 410; 345;
532; 420; -1;
533; 420; 280;
534; 420; 190;
535; 425; -1;
536; 435; 265;
537; 410; -1;
538; 425; -1;
539; 435; -1;
540; 430; 275;
541; 410; 160;
542; 450; -1;
543; 425; 350;
544; 430; -1;
545; 445; 85;
546; 410; -1;
547; 410; 205;
548; 420; 390;
549; 415; 325;
550; 410; -1;
551; 400; 320;
552; 425; 200;
553; 435; 350;
554; 450; 300;
555; 420; 220;
556; 415; 315;
557; 420; 195;
558; 415; 325;
559; 410; 180;
560; 440; 230;
561; 420; 190;
562; 430; 210;
563; 425; 235;
564; 430; -1;
565; 420; -1;
566; 420; -1;
567; 425; 340;
568; 420; 225;
569; 435; -1;
570; 430; 260;
571; 435; 215;
572; 405; 215;
573; 425; -1;
574; 460; -1;
575; 415; 295;
576; 440; 180;
577; 450; 260;
578; 435; -1;
579; 410; 245;
580; 430; -1;
581; 415; 265;
582; 420; -1;
583; 405; 280;
584; 430; 265;
585; 420; 290;
586; 435; 285;
587; 415; -1;
588; 420; 260;
589; 410; -1;
590; 450; -1;
591; 435; 320;
592; 430; -1;
593; 435; -1;
594; 430; 175;
595; 435; -1;
596; 435; -1;
597; 425; 275;
598; 435; 150;
599; 415; 315;
600; 395; 250;
601; 425; 360;
602; 445; 370;
603; 435; 335;
604; 420; -1;
605; 425; 190;
606; 410; 150;
607; 415; 265;
608; 425; -1;
609; 415; -1;
610; 425; -1;
611; 435; 205;
612; 415; -1;
613; 420; 300;
614; 415; -1;
615; 425; 115;
616; 415; -1;
617; 425; 325;
618; 410; 280;
619; 430; 305;
620; 425; 210;
621; 420; 220;
622; 450; 345;
623; 425; -1;
624; 440; -1;
625; 440; 340;
626; 410; -1;
627; 420; 335;
628; 410; 325;
629; 425; 300;
630; 415; -1;
631; 415; 285;
632; 415; -1;
633; 435; 375;
634; 415; -1;
635; 440; -1;
636; 440; 390;
637; 435; -1;
638; 440; -1;
639; 450; 245;
640; 410; 335;
641; 420; 330;
642; 430; 310;
643; 430; -1;
644; 425; -1;
645; 425; -1;
646; 415; -1;
647; 420; 240;
648; 425; 330;
649; 430; 350;
650; 420; 375;
651; 430; 200;
652; 415; -1;
653; 415; -1;
654; 420; 305;
655; 420; 345;
656; 415; 300;
657; 420; -1;
658; 435; 350;
659; 440; -1;
660; 415; 270;
661; 425; -1;
662; 415; 310;
663; 440; 435;
664; 445; 255;
665; 420; 285;
666; 425; -1;
667; 415; 305;
668; 420; 350;
669; 415; 295;
670; 425; 225;
671; 415; 235;
672; 425; 310;
673; 430; 265;
674; 435; -1;
675; 425; 90;
676; 425; 190;
677; 420; 170;
678; 420; -1;
679; 430; 95;
680; 425; 265;
681; 425; 300;
682; 420; -1;
683; 435; -1;
684; 455; 355;
685; 425; 290;
686; 410; -1;
687; 435; 210;
688; 435; 190;
689; 415; 300;
690; 450; 265;
691; 435; 180;
692; 420; 325;
693; 425; -1;
694; 410; -1;
695; 455; 225;
696; 425; 230;
697; 450; 185;
698; 420; 350;
699; 435; 260;
700; 405; 315;
701; 415; -1;
702; 435; 315;
703; 425; -1;
704; 415; 385;
705; 410; 270;
706; 430; -1;
707; 430; -1;
708; 440; 330;
709; 435; 320;
710; 435; -1;
711; 420; -1;
712; 440; 140;
713; 420; 320;
714; 415; 380;
715; 415; 255;
716; 430; 350;
717; 435; 240;
718; 415; 325;
719; 415; 230;
720; 425; -1;
721; 425; -1;
722; 460; 310;
723; 415; 140;
724; 420; 205;
725; 435; 205;
726; 425; 195;
727; 420; -1;
728; 440; 215;
729; 420; 370;
730; 420; 270;
731; 420; -1;
732; 425; 380;
733; 410; -1;
734; 415; 250;
735; 440; 385;
736; 430; 335;
737; 450; -1;
738; 415; -1;
739; 430; -1;
740; 425; 255;
741; 410; 300;
742; 425; 285;
743; 415; 245;
744; 420; -1;
745; 420; 300;
746; 435; 295;
747; 415; 225;
748; 450; -1;
749; 430; 245;
750; 435; 290;
751; 430; -1;
752; 405; 350;
753; 425; 250;
754; 415; 275;
755; 435; 380;
756; 410; 390;
757; 420; 225;
758; 440; -1;
759; 405; -1;
760; 410; -1;
761; 430; 375;
762; 425; -1;
763; 420; -1;
764; 425; 250;
765; 415; 330;
766; 430; 315;
767; 400; 195;
768; 415; 235;
769; 405; -1;
770; 430; -1;
771; 425; 160;
772; 440; 300;
773; 435; 275;
774; 435; 310;
775; 425; -1;
776; 420; -1;
777; 435; 320;
778; 425; 220;
779; 430; 245;
780; 420; -1;
781; 425; -1;
782; 425; 340;
783; 425; 290;
784; 440; 250;
785; 435; 295;
786; 420; 190;
787; 420; 415;
788; 420; 360;
789; 420; 305;
790; 450; -1;
791; 410; 245;
792; 415; 300;
793; 425; -1;
794; 430; -1;
795; 450; -1;
796; 415; -1;
797; 410; 280;
798; 410; 315;
799; 425; -1;
800; 425; -1;
801; 410; -1;
802; 415; -1;
803; 410; 115;
804; 420; -1;
805; 420; 310;
806; 415; 230;
807; 435; 165;
808; 410; -1;
809; 425; -1;
810; 435; 255;
811; 435; 170;
812; 420; 210;
813; 415; -1;
814; 440; -1;
815; 425; -1;
816; 440; 270;
817; 425; 265;
818; 435; 245;
819; 425; -1;
820; 455; 255;
821; 415; -1;
822; 430; -1;
823; 435; -1;
824; 415; 305;
825; 435; 140;
826; 430; -1;
827; 425; 175;
828; 405; 290;
829; 420; 290;
830; 440; 240;
831; 420; 330;
832; 410; 200;
833; 420; 305;
834; 425; 320;
835; 430; -1;
836; 420; 150;
837; 420; 360;
838; 425; 305;
839; 410; 290;
840; 430; 170;
841; 435; 345;
842; 415; -1;
843; 415; -1;
844; 425; 280;
845; 410; 280;
846; 445; 300;
847; 425; -1;
848; 415; -1;
849; 420; 305;
850; 440; -1;
851; 410; 315;
852; 445; 340;
853; 425; -1;
854; 455; -1;
855; 400; 200;
856; 420; 200;
857; 430; -1;
858; 430; -1;
859; 415; -1;
860; 415; -1;
861; 435; 185;
862; 420; 295;
863; 425; 205;
864; 430; 285;
865; 450; -1;
866; 405; 345;
867; 435; 240;
868; 415; 280;
869; 415; -1;
870; 410; 335;
871; 445; 280;
872; 430; 320;
873; 430; -1;
874; 435; 170;
875; 440; -1;
876; 410; 390;
877; 430; 315;
878; 445; -1;
879; 415; 275;
880; 425; -1;
881; 410; 235;
882; 435; -1;
883; 420; -1;
884; 410; 250;
885; 430; 350;
886; 410; 305;
887; 405; -1;
888; 410; 255;
889; 410; -1;
890; 415; 255;
891; 400; -1;
892; 430; -1;
893; 435; -1;
894; 430; 315;
895; 430; 295;
896; 450; -1;
897; 430; 305;
898; 455; 140;
899; 425; -1;
900; 420; 325;
901; 425; -1;
902; 420; -1;
903; 420; 305;
904; 405; 265;
905; 430; -1;
906; 430; 200;
907; 425; 320;
908; 410; 205;
909; 425; -1;
910; 435; 340;
911; 425; -1;
912; 415; 160;
913; 410; -1;
914; 425; -1;
915; 435; 220;
916; 430; -1;
917; 415; 300;
918; 415; 315;
919; 420; -1;
920; 420; 310;
921; 425; -1;
922; 425; 290;
923; 440; 250;
924; 415; 235;
925; 415; 315;
926; 410; -1;
927; 440; -1;
928; 420; -1;
929; 425; 345;
930; 440; -1;
931; 435; 300;
932; 415; -1;
933; 430; -1;
934; 430; -1;
935; 455; 160;
936; 420; -1;
937; 415; 280;
938; 430; -1;
939; 415; 315;
940; 440; 225;
941; 425; -1;
942; 430; 255;
943; 445; -1;
944; 425; 260;
945; 430; 190;
946; 415; 270;
947; 430; 195;
948; 420; 310;
949; 415; 405;
950; 425; 265;
951; 410; -1;
952; 430; 360;
953; 410; 245;
954; 435; 235;
955; 420; -1;
956; 440; 240;
957; 430; -1;
958; 440; 305;
959; 435; 110;
960; 430; -1;
961; 435; -1;
962; 430; 230;
963; 430; -1;
964; 420; -1;
965; 415; 175;
966; 425; 295;
967; 450; 325;
968; 430; 335;
969; 435; 140;
970; 435; 185;
971; 445; 310;
972; 435; 290;
973; 400; -1;
974; 415; -1;
975; 420; 220;
976; 435; -1;
977; 415; 290;
978; 435; 185;
979; 405; 265;
980; 430; 225;
981; 430; -1;
982; 415; 270;
983; 415; -1;
984; 430; -1;
985; 415; 195;
986; 415; -1;
987; 435; 270;
988; 420; -1;
989; 415; 310;
990; 440; -1;
991; 410; -1;
992; 430; 315;
993; 435; 260;
994; 420; 215;
995; 450; 230;
996; 420; 310;
997; 435; 285;
998; 415; -1;
999; 425; 305;
1000; 420; 275;
