1; 425; 305;
2; 435; 290;
3; 415; 255;
4; 440; 185;
5; 410; -1;
6; 420; 260;
7; 430; 270;
8; 405; -1;
9; 395; -1;
10; 410; -1;
11; 415; 265;
12; 420; -1;
13; 435; -1;
14; 445; -1;
15; 450; 345;
16; 455; 225;
17; 405; 305;
18; 430; 255;
19; 440; -1;
20; 415; -1;
21; 415; -1;
22; 445; 275;
23; 425; 265;
24; 430; -1;
25; 435; -1;
26; 440; 210;
27; 415; -1;
28; 425; 285;
29; 425; -1;
30; 430; -1;
31; 450; 290;
32; 420; 300;
33; 415; 230;
34; 420; 250;
35; 440; 260;
36; 430; 365;
37; 445; 200;
38; 415; 300;
39; 420; -1;
40; 430; 220;
41; 430; -1;
42; 420; 275;
43; 420; 270;
44; 435; 250;
45; 430; 315;
46; 425; 220;
47; 430; -1;
48; 420; 365;
49; 425; 350;
50; 435; 330;
51; 425; 185;
52; 415; 350;
53; 440; 290;
54; 435; 350;
55; 420; 245;
56; 415; -1;
57; 410; -1;
58; 425; -1;
59; 415; -1;
60; 430; 350;
61; 420; 165;
62; 410; 220;
63; 425; -1;
64; 420; 215;
65; 410; 210;
66; 435; 295;
67; 435; 355;
68; 425; 300;
69; 425; 295;
70; 420; 225;
71; 420; -1;
72; 420; 195;
73; 445; 295;
74; 415; 285;
75; 430; 310;
76; 445; -1;
77; 420; 105;
78; 410; 175;
79; 420; -1;
80; 415; 270;
81; 415; 170;
82; 420; 275;
83; 445; 225;
84; 400; 335;
85; 425; -1;
86; 430; 245;
87; 410; 265;
88; 410; 220;
89; 430; 350;
90; 470; -1;
91; 440; -1;
92; 410; -1;
93; 425; 245;
94; 415; 280;
95; 445; 215;
96; 445; 265;
97; 420; 265;
98; 420; 275;
99; 410; -1;
100; 425; 330;
101; 415; -1;
102; 420; 330;
103; 440; 225;
104; 420; 235;
105; 435; 340;
106; 440; 305;
107; 440; 260;
108; 420; 155;
109; 430; 305;
110; 425; 325;
111; 445; -1;
112; 440; 165;
113; 440; -1;
114; 435; 275;
115; 410; -1;
116; 415; 285;
117; 425; 240;
118; 420; -1;
119; 420; -1;
120; 435; 250;
121; 425; 280;
122; 415; -1;
123; 460; 365;
124; 425; -1;
125; 430; 250;
126; 415; -1;
127; 445; 310;
128; 435; 350;
129; 415; -1;
130; 405; 285;
131; 430; 240;
132; 450; 335;
133; 425; 255;
134; 410; -1;
135; 435; 340;
136; 425; -1;
137; 420; -1;
138; 440; -1;
139; 420; -1;
140; 445; -1;
141; 410; 280;
142; 435; -1;
143; 425; 250;
144; 415; 340;
145; 445; -1;
146; 435; 240;
147; 435; -1;
148; 440; -1;
149; 430; 380;
150; 430; 320;
151; 425; 220;
152; 435; 300;
153; 420; 305;
154; 435; 135;
155; 410; 135;
156; 425; -1;
157; 405; 130;
158; 410; -1;
159; 410; -1;
160; 425; 90;
161; 405; 330;
162; 415; -1;
163; 410; -1;
164; 420; -1;
165; 425; 335;
166; 420; 315;
167; 440; -1;
168; 415; 285;
169; 430; 215;
170; 420; 225;
171; 430; 210;
172; 425; 220;
173; 445; -1;
174; 410; 265;
175; 425; 295;
176; 415; -1;
177; 420; -1;
178; 435; -1;
179; 430; 250;
180; 435; 260;
181; 425; 310;
182; 430; 190;
183; 425; 170;
184; 405; 275;
185; 420; 240;
186; 425; 195;
187; 415; 225;
188; 445; -1;
189; 435; -1;
190; 425; 200;
191; 410; 275;
192; 425; 265;
193; 410; 385;
194; 410; 290;
195; 430; 290;
196; 410; -1;
197; 435; 240;
198; 410; 305;
199; 415; 370;
200; 410; -1;
201; 430; 385;
202; 415; 145;
203; 435; 305;
204; 435; 280;
205; 430; 280;
206; 415; 235;
207; 415; 195;
208; 425; -1;
209; 425; -1;
210; 445; -1;
211; 425; -1;
212; 415; 245;
213; 455; 175;
214; 415; 330;
215; 425; -1;
216; 405; 345;
217; 435; -1;
218; 430; -1;
219; 415; 390;
220; 415; -1;
221; 405; 330;
222; 435; 225;
223; 420; 250;
224; 430; -1;
225; 405; 235;
226; 405; 310;
227; 430; -1;
228; 460; 150;
229; 425; -1;
230; 425; -1;
231; 430; -1;
232; 460; 275;
233; 455; -1;
234; 420; 285;
235; 410; 305;
236; 420; 210;
237; 435; 255;
238; 420; -1;
239; 415; 150;
240; 440; -1;
241; 435; 320;
242; 405; -1;
243; 450; 215;
244; 420; 295;
245; 430; 240;
246; 415; -1;
247; 425; 270;
248; 420; -1;
249; 435; 300;
250; 420; 205;
251; 430; 375;
252; 425; -1;
253; 430; -1;
254; 415; 295;
255; 425; 310;
256; 445; 280;
257; 415; -1;
258; 420; -1;
259; 430; 285;
260; 425; 310;
261; 430; -1;
262; 420; 255;
263; 435; 330;
264; 435; 150;
265; 430; 295;
266; 440; -1;
267; 445; -1;
268; 420; 220;
269; 420; -1;
270; 450; 320;
271; 445; 260;
272; 415; 380;
273; 420; 290;
274; 440; 265;
275; 435; 240;
276; 410; 325;
277; 420; -1;
278; 425; 275;
279; 415; 255;
280; 440; 300;
281; 420; -1;
282; 420; 280;
283; 435; -1;
284; 440; -1;
285; 435; -1;
286; 445; 300;
287; 420; -1;
288; 420; 250;
289; 410; 225;
290; 425; 270;
291; 420; 260;
292; 430; 250;
293; 425; 360;
294; 430; 320;
295; 405; -1;
296; 420; 240;
297; 440; -1;
298; 435; 230;
299; 405; -1;
300; 420; -1;
301; 450; 260;
302; 435; -1;
303; 425; 295;
304; 430; -1;
305; 430; 255;
306; 430; -1;
307; 410; 280;
308; 430; 220;
309; 410; -1;
310; 420; -1;
311; 425; 255;
312; 430; 430;
313; 410; -1;
314; 430; 320;
315; 450; 260;
316; 420; 260;
317; 420; 290;
318; 420; 160;
319; 435; 295;
320; 405; 295;
321; 415; 300;
322; 425; -1;
323; 420; 220;
324; 405; 315;
325; 440; 335;
326; 435; 260;
327; 420; 315;
328; 440; -1;
329; 435; -1;
330; 445; -1;
331; 410; 345;
332; 415; 380;
333; 425; -1;
334; 430; 270;
335; 440; -1;
336; 420; -1;
337; 420; 355;
338; 425; 250;
339; 445; -1;
340; 435; 245;
341; 430; -1;
342; 420; 335;
343; 415; 270;
344; 425; 315;
345; 420; 155;
346; 445; 330;
347; 425; 270;
348; 410; 365;
349; 430; -1;
350; 410; 255;
351; 410; 325;
352; 455; -1;
353; 430; 235;
354; 435; 315;
355; 410; -1;
356; 435; -1;
357; 435; 275;
358; 425; 270;
359; 420; 255;
360; 435; 130;
361; 430; -1;
362; 410; -1;
363; 435; -1;
364; 430; -1;
365; 425; 310;
366; 430; 315;
367; 425; 380;
368; 425; -1;
369; 430; 305;
370; 395; -1;
371; 425; -1;
372; 440; 315;
373; 425; 165;
374; 420; 320;
375; 415; -1;
376; 410; 355;
377; 425; 225;
378; 405; -1;
379; 435; 190;
380; 410; 270;
381; 420; -1;
382; 410; 385;
383; 430; 290;
384; 445; -1;
385; 425; 260;
386; 425; 345;
387; 410; 175;
388; 420; 275;
389; 420; -1;
390; 420; -1;
391; 405; -1;
392; 410; 350;
393; 445; -1;
394; 425; 250;
395; 415; 285;
396; 425; 320;
397; 435; 270;
398; 435; 245;
399; 415; 225;
400; 435; 345;
401; 415; -1;
402; 400; 310;
403; 420; 195;
404; 410; 315;
405; 445; -1;
406; 420; 185;
407; 430; 275;
408; 420; -1;
409; 425; -1;
410; 435; 165;
411; 415; -1;
412; 430; 190;
413; 430; 395;
414; 430; 230;
415; 430; 280;
416; 420; 165;
417; 430; -1;
418; 430; -1;
419; 415; -1;
420; 430; -1;
421; 425; 400;
422; 405; -1;
423; 440; 260;
424; 425; -1;
425; 420; 235;
426; 415; -1;
427; 435; -1;
428; 430; 310;
429; 410; 350;
430; 415; -1;
431; 450; 215;
432; 425; 250;
433; 425; 285;
434; 405; 225;
435; 445; 280;
436; 425; 315;
437; 415; 280;
438; 415; -1;
439; 435; -1;
440; 440; -1;
441; 415; 255;
442; 405; 240;
443; 425; 215;
444; 430; 235;
445; 425; 355;
446; 440; 210;
447; 420; -1;
448; 420; 270;
449; 445; 255;
450; 405; 260;
451; 420; 210;
452; 410; -1;
453; 430; -1;
454; 400; -1;
455; 420; 245;
456; 420; -1;
457; 425; -1;
458; 445; 280;
459; 435; 315;
460; 425; -1;
461; 435; -1;
462; 415; -1;
463; 440; 225;
464; 425; 355;
465; 420; 345;
466; 435; -1;
467; 430; 330;
468; 420; -1;
469; 425; -1;
470; 430; 300;
471; 420; 210;
472; 420; 325;
473; 430; -1;
474; 420; 265;
475; 405; -1;
476; 445; 335;
477; 430; 240;
478; 435; 255;
479; 400; 210;
480; 445; -1;
481; 430; 270;
482; 430; 320;
483; 420; -1;
484; 430; -1;
485; 405; 225;
486; 420; -1;
487; 410; 185;
488; 435; 365;
489; 440; -1;
490; 415; 265;
491; 415; -1;
492; 410; 355;
493; 435; 315;
494; 430; -1;
495; 450; -1;
496; 420; 195;
497; 425; -1;
498; 410; -1;
499; 420; 275;
500; 420; 215;
501; 410; -1;
502; 415; 320;
503; 425; 295;
504; 435; -1;
505; 425; 290;
506; 425; 160;
507; 415; -1;
508; 420; 165;
509; 430; 330;
510; 420; 285;
511; 430; 240;
512; 415; -1;
513; 440; 340;
514; 425; -1;
515; 410; 315;
516; 405; 280;
517; 445; 295;
518; 440; -1;
519; 390; 170;
520; 435; -1;
521; 460; -1;
522; 420; 285;
523; 420; 215;
524; 440; 345;
525; 420; -1;
526; 425; -1;
527; 425; 150;
528; 425; -1;
529; 400; -1;
530; 425; 285;
531; 420; -1;
532; 430; 380;
533; 410; -1;
534; 415; 245;
535; 415; -1;
536; 455; 260;
537; 435; 325;
538; 425; 105;
539; 425; -1;
540; 425; 330;
541; 420; 205;
542; 415; -1;
543; 430; -1;
544; 435; 315;
545; 430; 370;
546; 420; -1;
547; 420; -1;
548; 425; 320;
549; 415; 365;
550; 420; 280;
551; 415; 225;
552; 430; 210;
553; 405; -1;
554; 425; 335;
555; 415; -1;
556; 430; 200;
557; 435; 280;
558; 410; 195;
559; 420; 295;
560; 425; 325;
561; 420; 240;
562; 460; 320;
563; 425; 285;
564; 415; 340;
565; 415; 225;
566; 430; 340;
567; 435; 305;
568; 425; 255;
569; 440; -1;
570; 425; 315;
571; 420; 220;
572; 430; -1;
573; 400; -1;
574; 405; -1;
575; 430; -1;
576; 435; 215;
577; 430; -1;
578; 425; 205;
579; 435; 310;
580; 425; -1;
581; 420; 175;
582; 425; 270;
583; 415; 310;
584; 410; 350;
585; 440; 140;
586; 425; 285;
587; 420; -1;
588; 430; -1;
589; 420; 335;
590; 425; -1;
591; 415; 330;
592; 420; 230;
593; 425; 335;
594; 420; -1;
595; 435; -1;
596; 430; 220;
597; 415; 245;
598; 400; 265;
599; 425; 320;
600; 425; 390;
601; 435; -1;
602; 460; 300;
603; 440; 315;
604; 420; 300;
605; 435; -1;
606; 415; 180;
607; 445; -1;
608; 420; -1;
609; 415; 200;
610; 435; -1;
611; 460; -1;
612; 425; 335;
613; 405; 390;
614; 415; -1;
615; 410; 255;
616; 415; -1;
617; 425; 310;
618; 425; -1;
619; 415; -1;
620; 420; 330;
621; 420; -1;
622; 420; -1;
623; 420; -1;
624; 425; -1;
625; 420; 270;
626; 430; 300;
627; 415; 290;
628; 420; 295;
629; 425; -1;
630; 430; -1;
631; 420; 175;
632; 430; -1;
633; 415; -1;
634; 435; 365;
635; 410; -1;
636; 440; 180;
637; 435; 205;
638; 430; 365;
639; 440; -1;
640; 430; 200;
641; 430; 250;
642; 415; -1;
643; 450; -1;
644; 415; 150;
645; 420; 295;
646; 425; 325;
647; 435; -1;
648; 435; -1;
649; 405; 280;
650; 425; -1;
651; 415; -1;
652; 415; 375;
653; 430; -1;
654; 405; -1;
655; 440; 315;
656; 420; 275;
657; 425; -1;
658; 425; 320;
659; 435; 240;
660; 420; 340;
661; 425; -1;
662; 415; -1;
663; 435; 170;
664; 460; 300;
665; 430; -1;
666; 430; -1;
667; 435; 155;
668; 450; -1;
669; 430; -1;
670; 410; -1;
671; 425; -1;
672; 435; 335;
673; 430; 370;
674; 425; 270;
675; 420; 240;
676; 435; 415;
677; 425; -1;
678; 410; 290;
679; 410; 350;
680; 405; 365;
681; 440; -1;
682; 425; 345;
683; 410; -1;
684; 400; -1;
685; 450; 220;
686; 430; 300;
687; 430; 300;
688; 405; 285;
689; 440; 250;
690; 425; -1;
691; 415; -1;
692; 415; -1;
693; 420; -1;
694; 410; -1;
695; 435; 315;
696; 420; 275;
697; 410; 50;
698; 430; -1;
699; 440; 290;
700; 410; -1;
701; 415; 295;
702; 420; 380;
703; 445; 315;
704; 425; 165;
705; 430; 300;
706; 435; -1;
707; 425; -1;
708; 425; 230;
709; 410; -1;
710; 425; 305;
711; 425; 340;
712; 460; 305;
713; 430; -1;
714; 415; -1;
715; 445; 320;
716; 420; 250;
717; 420; 325;
718; 430; -1;
719; 415; -1;
720; 430; 130;
721; 420; 275;
722; 415; -1;
723; 435; 385;
724; 450; -1;
725; 420; 305;
726; 430; -1;
727; 425; 390;
728; 415; -1;
729; 415; 295;
730; 430; 205;
731; 425; 265;
732; 415; 210;
733; 460; 275;
734; 405; 185;
735; 440; -1;
736; 450; 305;
737; 415; -1;
738; 400; -1;
739; 435; 270;
740; 410; -1;
741; 430; 290;
742; 430; 370;
743; 440; -1;
744; 430; 350;
745; 420; 150;
746; 425; 335;
747; 410; -1;
748; 435; 280;
749; 430; 270;
750; 410; -1;
751; 405; 330;
752; 410; 265;
753; 420; 305;
754; 430; 295;
755; 420; -1;
756; 415; 285;
757; 415; -1;
758; 420; -1;
759; 425; 240;
760; 435; -1;
761; 420; 265;
762; 415; 200;
763; 435; 330;
764; 440; 315;
765; 420; 300;
766; 415; 185;
767; 445; 375;
768; 420; -1;
769; 440; 235;
770; 450; -1;
771; 415; 300;
772; 440; 250;
773; 405; 245;
774; 435; 355;
775; 415; -1;
776; 425; -1;
777; 435; 380;
778; 425; -1;
779; 410; -1;
780; 410; 175;
781; 405; -1;
782; 425; -1;
783; 430; -1;
784; 410; -1;
785; 425; 285;
786; 435; -1;
787; 425; 325;
788; 435; -1;
789; 445; 240;
790; 430; 250;
791; 430; 325;
792; 425; 280;
793; 415; 260;
794; 425; 295;
795; 455; 300;
796; 415; 325;
797; 435; 255;
798; 415; -1;
799; 420; 250;
800; 415; 275;
801; 430; 325;
802; 415; 320;
803; 420; -1;
804; 445; -1;
805; 415; -1;
806; 440; 335;
807; 435; -1;
808; 425; 220;
809; 420; -1;
810; 420; 300;
811; 420; -1;
812; 415; 265;
813; 420; 270;
814; 420; 345;
815; 420; 285;
816; 410; 315;
817; 415; -1;
818; 425; 260;
819; 435; 305;
820; 435; 400;
821; 445; 280;
822; 425; 350;
823; 425; 285;
824; 425; -1;
825; 430; -1;
826; 440; 215;
827; 420; -1;
828; 435; 350;
829; 410; -1;
830; 420; -1;
831; 430; -1;
832; 430; 155;
833; 425; 255;
834; 425; -1;
835; 415; 280;
836; 425; 310;
837; 425; -1;
838; 430; 335;
839; 440; 250;
840; 435; -1;
841; 445; 310;
842; 435; 365;
843; 435; -1;
844; 450; 310;
845; 430; 350;
846; 425; 300;
847; 425; 195;
848; 425; -1;
849; 435; 255;
850; 420; 130;
851; 435; 355;
852; 455; 255;
853; 415; -1;
854; 435; 210;
855; 460; 280;
856; 405; 375;
857; 420; -1;
858; 430; -1;
859; 405; -1;
860; 410; 250;
861; 415; 255;
862; 420; -1;
863; 435; 330;
864; 430; 285;
865; 410; -1;
866; 420; 320;
867; 425; 320;
868; 425; -1;
869; 420; -1;
870; 435; 300;
871; 445; 275;
872; 425; -1;
873; 430; 275;
874; 430; -1;
875; 425; 330;
876; 415; 250;
877; 425; -1;
878; 430; 290;
879; 435; 350;
880; 420; 200;
881; 450; 245;
882; 425; -1;
883; 420; 275;
884; 425; 280;
885; 435; -1;
886; 415; -1;
887; 440; -1;
888; 415; -1;
889; 420; -1;
890; 435; 190;
891; 410; 295;
892; 450; 385;
893; 420; 300;
894; 425; 270;
895; 405; 250;
896; 435; 365;
897; 435; 175;
898; 420; 275;
899; 420; 280;
900; 405; 285;
901; 420; -1;
902; 415; 290;
903; 410; 330;
904; 430; 210;
905; 445; 235;
906; 420; 250;
907; 405; -1;
908; 440; 225;
909; 420; 300;
910; 435; 235;
911; 425; 145;
912; 415; 215;
913; 420; 340;
914; 405; 295;
915; 440; -1;
916; 430; -1;
917; 420; -1;
918; 435; -1;
919; 415; -1;
920; 410; -1;
921; 440; 300;
922; 435; 290;
923; 420; -1;
924; 465; -1;
925; 415; -1;
926; 440; 260;
927; 420; -1;
928; 415; 210;
929; 440; 320;
930; 420; 345;
931; 440; 170;
932; 420; -1;
933; 410; 245;
934; 420; -1;
935; 420; 375;
936; 430; -1;
937; 415; -1;
938; 425; -1;
939; 410; 280;
940; 420; 155;
941; 420; -1;
942; 430; -1;
943; 425; 370;
944; 420; 255;
945; 410; 260;
946; 430; 355;
947; 445; 315;
948; 425; -1;
949; 435; 235;
950; 425; 225;
951; 445; 340;
952; 435; -1;
953; 405; -1;
954; 425; 330;
955; 440; 315;
956; 425; 320;
957; 420; -1;
958; 420; 270;
959; 430; 320;
960; 430; 370;
961; 400; 315;
962; 445; 325;
963; 415; 295;
964; 410; 350;
965; 440; 325;
966; 430; -1;
967; 435; 420;
968; 425; 305;
969; 430; 140;
970; 410; 240;
971; 415; 190;
972; 435; 230;
973; 445; -1;
974; 420; 315;
975; 420; 285;
976; 420; -1;
977; 420; -1;
978; 425; 320;
979; 410; -1;
980; 420; -1;
981; 435; -1;
982; 425; -1;
983; 405; -1;
984; 435; 360;
985; 420; 295;
986; 410; 235;
987; 430; -1;
988; 410; -1;
989; 425; 345;
990; 450; 265;
991; 410; 295;
992; 420; 260;
993; 410; 340;
994; 430; -1;
995; 430; 235;
996; 430; -1;
997; 435; 375;
998; 410; -1;
999; 415; 255;
1000; 425; -1;
