1; 410; 340;
2; 420; 290;
3; 420; 420;
4; 415; 320;
5; 430; 290;
6; 420; -1;
7; 435; -1;
8; 465; -1;
9; 425; -1;
10; 425; 425;
11; 430; 385;
12; 435; 260;
13; 425; -1;
14; 445; 230;
15; 420; 245;
16; 425; 335;
17; 450; 235;
18; 420; -1;
19; 430; -1;
20; 435; -1;
21; 405; 285;
22; 415; 200;
23; 425; -1;
24; 420; -1;
25; 440; 330;
26; 420; 295;
27; 430; 365;
28; 435; -1;
29; 435; 370;
30; 420; 375;
31; 405; 280;
32; 415; -1;
33; 430; 310;
34; 440; 320;
35; 430; 185;
36; 415; -1;
37; 430; 430;
38; 460; 240;
39; 440; 245;
40; 440; 440;
41; 405; -1;
42; 425; 270;
43; 420; 305;
44; 420; -1;
45; 410; 200;
46; 425; -1;
47; 430; 240;
48; 435; 285;
49; 425; -1;
50; 435; 140;
51; 425; -1;
52; 420; 280;
53; 435; 310;
54; 430; 345;
55; 435; 250;
56; 405; 405;
57; 425; 375;
58; 420; 275;
59; 410; 410;
60; 415; 375;
61; 445; 195;
62; 410; -1;
63; 405; 405;
64; 420; 335;
65; 425; 375;
66; 410; 295;
67; 430; 340;
68; 440; 335;
69; 405; 315;
70; 420; 270;
71; 420; 300;
72; 405; 405;
73; 440; 325;
74; 415; -1;
75; 430; 250;
76; 420; 200;
77; 430; 255;
78; 435; -1;
79; 420; -1;
80; 430; 430;
81; 420; -1;
82; 410; 220;
83; 430; -1;
84; 445; -1;
85; 425; 345;
86; 425; 270;
87; 400; -1;
88; 415; -1;
89; 415; 310;
90; 430; 280;
91; 405; 405;
92; 415; 415;
93; 440; 440;
94; 440; -1;
95; 430; 430;
96; 430; -1;
97; 420; -1;
98; 420; 355;
99; 405; 405;
100; 430; -1;
101; 415; -1;
102; 415; 415;
103; 430; 380;
104; 425; -1;
105; 445; 335;
106; 430; 260;
107; 430; 115;
108; 400; -1;
109; 420; -1;
110; 440; 260;
111; 450; -1;
112; 405; -1;
113; 430; 385;
114; 410; 290;
115; 425; 235;
116; 430; 285;
117; 410; 410;
118; 425; 295;
119; 445; 175;
120; 420; 390;
121; 415; -1;
122; 430; 290;
123; 425; 260;
124; 445; 235;
125; 405; 280;
126; 415; -1;
127; 455; 455;
128; 415; 265;
129; 425; -1;
130; 425; -1;
131; 425; 285;
132; 420; 300;
133; 455; -1;
134; 415; 330;
135; 420; 270;
136; 450; 345;
137; 420; -1;
138; 425; 410;
139; 410; -1;
140; 420; 420;
141; 410; 325;
142; 420; -1;
143; 445; 265;
144; 415; -1;
145; 435; -1;
146; 430; 415;
147; 425; 250;
148; 425; -1;
149; 415; -1;
150; 420; 320;
151; 430; 245;
152; 415; 350;
153; 410; -1;
154; 410; 210;
155; 430; -1;
156; 420; 340;
157; 425; 160;
158; 420; 200;
159; 415; 305;
160; 440; 325;
161; 420; -1;
162; 420; 255;
163; 430; 270;
164; 440; 440;
165; 420; 265;
166; 440; 265;
167; 410; -1;
168; 420; 230;
169; 405; 330;
170; 420; 280;
171; 410; -1;
172; 420; 375;
173; 430; -1;
174; 420; 305;
175; 410; 275;
176; 425; -1;
177; 420; 235;
178; 420; -1;
179; 410; 195;
180; 410; -1;
181; 435; -1;
182; 425; -1;
183; 420; -1;
184; 420; -1;
185; 415; 415;
186; 425; -1;
187; 430; 430;
188; 430; 260;
189; 435; -1;
190; 425; -1;
191; 410; 410;
192; 430; 275;
193; 410; 275;
194; 400; -1;
195; 440; 225;
196; 410; -1;
197; 425; -1;
198; 435; 375;
199; 415; -1;
200; 420; 210;
201; 420; 330;
202; 420; -1;
203; 425; 250;
204; 425; -1;
205; 430; -1;
206; 430; -1;
207; 425; 425;
208; 450; 210;
209; 410; 270;
210; 430; 200;
211; 420; -1;
212; 425; 310;
213; 415; -1;
214; 430; 170;
215; 425; 275;
216; 425; 315;
217; 435; 210;
218; 440; 340;
219; 415; -1;
220; 425; -1;
221; 415; 415;
222; 430; 430;
223; 415; 380;
224; 410; 200;
225; 415; 390;
226; 405; 360;
227; 415; 280;
228; 435; 285;
229; 425; -1;
230; 415; -1;
231; 415; 320;
232; 410; 410;
233; 430; 340;
234; 420; 370;
235; 445; 345;
236; 405; 240;
237; 425; 290;
238; 435; 365;
239; 440; 225;
240; 435; 240;
241; 420; -1;
242; 420; 230;
243; 415; 315;
244; 420; -1;
245; 445; -1;
246; 410; -1;
247; 420; -1;
248; 425; 375;
249; 450; 370;
250; 450; 450;
251; 430; 255;
252; 405; -1;
253; 435; -1;
254; 425; 255;
255; 460; 295;
256; 425; -1;
257; 430; -1;
258; 425; 425;
259; 420; -1;
260; 440; 330;
261; 405; 355;
262; 420; 310;
263; 430; -1;
264; 415; 215;
265; 405; -1;
266; 430; 430;
267; 425; 425;
268; 420; 355;
269; 410; -1;
270; 435; 230;
271; 435; -1;
272; 400; 260;
273; 405; 330;
274; 425; 335;
275; 415; -1;
276; 430; 355;
277; 445; 220;
278; 420; -1;
279; 415; 230;
280; 430; 240;
281; 425; 225;
282; 430; 320;
283; 415; 365;
284; 415; 310;
285; 415; -1;
286; 405; 405;
287; 430; 360;
288; 425; 425;
289; 415; -1;
290; 425; 425;
291; 410; 330;
292; 410; -1;
293; 415; -1;
294; 410; 275;
295; 430; -1;
296; 425; 310;
297; 425; 425;
298; 440; -1;
299; 415; 315;
300; 420; 340;
301; 435; 295;
302; 420; 160;
303; 400; 220;
304; 440; -1;
305; 435; -1;
306; 420; -1;
307; 430; 350;
308; 435; -1;
309; 445; 275;
310; 425; 225;
311; 440; 330;
312; 435; 295;
313; 415; 190;
314; 425; -1;
315; 430; -1;
316; 420; 315;
317; 425; -1;
318; 435; -1;
319; 410; 135;
320; 450; 285;
321; 420; 260;
322; 420; 245;
323; 430; -1;
324; 455; 285;
325; 410; 250;
326; 440; 440;
327; 425; 365;
328; 415; 230;
329; 420; 360;
330; 440; 335;
331; 425; -1;
332; 410; -1;
333; 420; 420;
334; 445; -1;
335; 445; 445;
336; 425; -1;
337; 415; 280;
338; 440; -1;
339; 420; 400;
340; 455; 370;
341; 425; 190;
342; 420; 330;
343; 435; 435;
344; 420; 420;
345; 440; 235;
346; 440; 310;
347; 435; -1;
348; 415; -1;
349; 440; 295;
350; 425; -1;
351; 425; -1;
352; 420; 320;
353; 415; 415;
354; 425; -1;
355; 410; -1;
356; 430; 290;
357; 420; 225;
358; 420; -1;
359; 400; 295;
360; 450; 320;
361; 440; -1;
362; 415; 360;
363; 435; -1;
364; 420; 200;
365; 425; -1;
366; 420; 250;
367; 415; 235;
368; 425; 195;
369; 420; 300;
370; 455; 270;
371; 415; -1;
372; 420; 295;
373; 435; 360;
374; 435; 370;
375; 440; -1;
376; 415; 270;
377; 420; -1;
378; 415; -1;
379; 415; -1;
380; 435; -1;
381; 400; -1;
382; 415; 300;
383; 415; 135;
384; 425; 300;
385; 425; -1;
386; 405; 350;
387; 435; 335;
388; 425; 425;
389; 415; -1;
390; 440; 320;
391; 430; 430;
392; 410; 410;
393; 450; -1;
394; 450; -1;
395; 430; 220;
396; 420; -1;
397; 415; 315;
398; 430; -1;
399; 440; -1;
400; 435; 370;
401; 415; 295;
402; 420; 180;
403; 420; -1;
404; 435; 150;
405; 405; 300;
406; 425; 345;
407; 415; -1;
408; 425; -1;
409; 425; 330;
410; 410; 365;
411; 425; 425;
412; 435; 250;
413; 420; 260;
414; 425; 300;
415; 425; 290;
416; 425; 230;
417; 415; 205;
418; 410; 245;
419; 430; 340;
420; 425; 305;
421; 430; -1;
422; 430; 360;
423; 430; 275;
424; 415; -1;
425; 430; 320;
426; 410; 410;
427; 440; 305;
428; 405; 405;
429; 415; -1;
430; 415; -1;
431; 425; -1;
432; 435; -1;
433; 420; -1;
434; 410; -1;
435; 0; 435;
436; 420; 355;
437; 450; 250;
438; 435; 265;
439; 415; 325;
440; 445; 445;
441; 440; 290;
442; 430; -1;
443; 430; -1;
444; 440; 225;
445; 425; 340;
446; 420; 305;
447; 420; -1;
448; 425; 355;
449; 415; -1;
450; 435; 265;
451; 425; -1;
452; 415; 285;
453; 415; 250;
454; 430; 430;
455; 410; 360;
456; 430; -1;
457; 440; 225;
458; 420; 300;
459; 410; 355;
460; 425; 340;
461; 420; 275;
462; 420; 325;
463; 425; 275;
464; 415; 415;
465; 435; 435;
466; 415; 325;
467; 415; 250;
468; 420; 270;
469; 420; 320;
470; 410; -1;
471; 430; 325;
472; 405; 405;
473; 430; -1;
474; 415; -1;
475; 445; 215;
476; 415; 270;
477; 410; -1;
478; 435; -1;
479; 430; 225;
480; 400; 290;
481; 430; 400;
482; 420; 290;
483; 420; 360;
484; 425; 245;
485; 440; -1;
486; 430; 385;
487; 415; 415;
488; 455; 265;
489; 430; -1;
490; 425; 365;
491; 430; -1;
492; 435; 375;
493; 440; 335;
494; 400; 240;
495; 445; 265;
496; 435; 310;
497; 445; 250;
498; 430; 285;
499; 420; 290;
500; 425; -1;
501; 425; 255;
502; 410; 255;
503; 425; 130;
504; 420; -1;
505; 430; 430;
506; 430; -1;
507; 430; 430;
508; 410; 325;
509; 430; 215;
510; 430; 310;
511; 430; -1;
512; 425; -1;
513; 435; 250;
514; 410; 300;
515; 430; 325;
516; 425; 365;
517; 420; 235;
518; 415; 270;
519; 435; 255;
520; 420; -1;
521; 430; -1;
522; 430; 160;
523; 415; -1;
524; 400; 275;
525; 415; -1;
526; 425; 355;
527; 415; 415;
528; 420; -1;
529; 425; 425;
530; 425; 240;
531; 435; 435;
532; 435; 120;
533; 430; 335;
534; 415; 290;
535; 445; 320;
536; 435; 195;
537; 415; 325;
538; 425; 135;
539; 430; 330;
540; 430; 275;
541; 425; -1;
542; 425; 330;
543; 405; 270;
544; 420; 420;
545; 430; -1;
546; 425; 215;
547; 415; 240;
548; 430; 395;
549; 440; -1;
550; 430; 345;
551; 430; 360;
552; 435; 215;
553; 435; 115;
554; 420; 325;
555; 435; 435;
556; 430; 225;
557; 430; -1;
558; 430; 350;
559; 405; -1;
560; 425; 425;
561; 430; -1;
562; 430; -1;
563; 450; 370;
564; 435; 435;
565; 410; 410;
566; 420; -1;
567; 425; -1;
568; 435; 435;
569; 410; 135;
570; 410; 335;
571; 420; -1;
572; 425; 340;
573; 410; 125;
574; 415; 415;
575; 435; 320;
576; 420; -1;
577; 460; 295;
578; 435; -1;
579; 440; 330;
580; 405; -1;
581; 420; -1;
582; 420; 255;
583; 420; 360;
584; 425; -1;
585; 410; 270;
586; 415; 350;
587; 435; 435;
588; 425; 180;
589; 435; 245;
590; 435; 315;
591; 410; 305;
592; 430; 430;
593; 425; 230;
594; 430; -1;
595; 435; -1;
596; 430; -1;
597; 440; 230;
598; 435; -1;
599; 425; 405;
600; 440; 265;
601; 425; 240;
602; 445; 225;
603; 425; 255;
604; 410; 410;
605; 415; 235;
606; 430; -1;
607; 430; 260;
608; 415; 295;
609; 415; 210;
610; 430; 230;
611; 405; 335;
612; 425; 315;
613; 435; -1;
614; 420; 390;
615; 405; 165;
616; 420; 275;
617; 440; -1;
618; 435; 335;
619; 415; 280;
620; 425; -1;
621; 455; 250;
622; 430; 240;
623; 425; 425;
624; 425; 240;
625; 410; -1;
626; 435; 345;
627; 455; 250;
628; 415; 325;
629; 425; 280;
630; 420; -1;
631; 445; -1;
632; 425; 295;
633; 440; 405;
634; 425; -1;
635; 430; -1;
636; 425; 305;
637; 430; 430;
638; 445; 290;
639; 440; 265;
640; 425; 355;
641; 435; 180;
642; 415; 310;
643; 435; -1;
644; 420; -1;
645; 420; -1;
646; 415; 415;
647; 410; -1;
648; 435; 340;
649; 415; 275;
650; 425; 425;
651; 450; -1;
652; 415; 310;
653; 415; -1;
654; 420; 420;
655; 415; 415;
656; 425; -1;
657; 420; 250;
658; 420; -1;
659; 425; -1;
660; 430; 430;
661; 405; -1;
662; 425; 385;
663; 420; 270;
664; 415; -1;
665; 405; 145;
666; 430; 300;
667; 440; 350;
668; 420; 345;
669; 415; -1;
670; 430; 280;
671; 425; -1;
672; 450; -1;
673; 415; 385;
674; 425; -1;
675; 415; 225;
676; 435; 435;
677; 415; -1;
678; 440; -1;
679; 435; -1;
680; 430; 195;
681; 415; -1;
682; 430; 190;
683; 445; -1;
684; 425; -1;
685; 425; 300;
686; 420; 285;
687; 415; 415;
688; 410; 270;
689; 405; 310;
690; 410; 125;
691; 430; -1;
692; 410; -1;
693; 420; -1;
694; 425; 280;
695; 420; -1;
696; 425; 215;
697; 430; -1;
698; 430; 255;
699; 420; 420;
700; 415; 310;
701; 415; -1;
702; 425; 355;
703; 430; 335;
704; 430; 255;
705; 445; 445;
706; 425; 285;
707; 415; 335;
708; 425; 285;
709; 425; 425;
710; 415; 330;
711; 415; 305;
712; 430; -1;
713; 415; 415;
714; 455; -1;
715; 410; 265;
716; 415; -1;
717; 415; -1;
718; 430; -1;
719; 435; 360;
720; 430; 240;
721; 440; -1;
722; 420; 420;
723; 430; 280;
724; 430; 190;
725; 415; 415;
726; 435; 230;
727; 415; -1;
728; 415; 415;
729; 405; -1;
730; 420; 280;
731; 425; 235;
732; 435; 250;
733; 430; 345;
734; 410; 260;
735; 445; -1;
736; 420; 185;
737; 420; -1;
738; 415; 325;
739; 395; 230;
740; 410; -1;
741; 455; 195;
742; 415; 275;
743; 425; 275;
744; 420; 290;
745; 440; 250;
746; 425; -1;
747; 410; 345;
748; 420; 420;
749; 415; -1;
750; 425; 425;
751; 415; 415;
752; 425; 300;
753; 420; 420;
754; 445; 445;
755; 420; 205;
756; 450; 235;
757; 425; -1;
758; 445; 325;
759; 435; 355;
760; 435; -1;
761; 415; 325;
762; 445; 445;
763; 430; 295;
764; 420; 285;
765; 455; -1;
766; 445; 340;
767; 415; -1;
768; 420; 170;
769; 410; 270;
770; 405; 235;
771; 430; 430;
772; 425; 350;
773; 430; 275;
774; 405; -1;
775; 420; 290;
776; 415; -1;
777; 440; 345;
778; 405; -1;
779; 415; -1;
780; 445; -1;
781; 425; 335;
782; 445; -1;
783; 420; 250;
784; 425; -1;
785; 435; 180;
786; 415; 95;
787; 415; 415;
788; 425; -1;
789; 430; -1;
790; 455; 265;
791; 430; 290;
792; 445; 260;
793; 430; 430;
794; 410; -1;
795; 420; -1;
796; 420; 320;
797; 430; -1;
798; 425; 360;
799; 430; 285;
800; 410; 255;
801; 420; 325;
802; 425; -1;
803; 410; 225;
804; 425; 120;
805; 420; 275;
806; 435; 315;
807; 420; -1;
808; 415; 335;
809; 420; -1;
810; 420; 315;
811; 435; 305;
812; 420; -1;
813; 415; 230;
814; 420; 265;
815; 420; 340;
816; 435; -1;
817; 425; -1;
818; 455; 145;
819; 410; -1;
820; 415; 265;
821; 425; 285;
822; 425; 285;
823; 405; -1;
824; 435; 125;
825; 410; 210;
826; 420; 420;
827; 425; -1;
828; 435; 435;
829; 420; -1;
830; 430; 430;
831; 430; 315;
832; 420; 420;
833; 430; -1;
834; 440; 190;
835; 430; 330;
836; 430; 245;
837; 410; -1;
838; 430; 340;
839; 425; -1;
840; 405; -1;
841; 425; 350;
842; 420; 345;
843; 410; 410;
844; 430; 285;
845; 425; 295;
846; 400; 245;
847; 415; 415;
848; 430; 430;
849; 440; 440;
850; 415; 415;
851; 425; 330;
852; 405; 205;
853; 415; -1;
854; 405; 140;
855; 425; 280;
856; 410; 265;
857; 430; -1;
858; 450; 365;
859; 425; -1;
860; 415; -1;
861; 440; 250;
862; 410; 335;
863; 420; 230;
864; 425; 245;
865; 430; 370;
866; 420; -1;
867; 420; 340;
868; 410; 160;
869; 440; 440;
870; 435; 300;
871; 435; 245;
872; 445; 260;
873; 420; -1;
874; 430; 430;
875; 430; -1;
876; 415; 245;
877; 425; 310;
878; 425; 220;
879; 440; 320;
880; 450; -1;
881; 405; -1;
882; 420; -1;
883; 415; -1;
884; 420; 195;
885; 435; 230;
886; 425; -1;
887; 415; -1;
888; 425; 420;
889; 420; -1;
890; 435; 435;
891; 430; 255;
892; 440; 375;
893; 435; 325;
894; 440; 330;
895; 425; 260;
896; 420; -1;
897; 425; 425;
898; 420; 280;
899; 430; -1;
900; 425; 290;
901; 415; -1;
902; 410; 285;
903; 415; 290;
904; 435; 240;
905; 410; -1;
906; 405; 405;
907; 415; -1;
908; 425; 280;
909; 430; -1;
910; 415; 415;
911; 430; 430;
912; 430; 430;
913; 410; 290;
914; 440; 185;
915; 415; 145;
916; 445; 280;
917; 415; 370;
918; 435; 415;
919; 410; 270;
920; 410; 410;
921; 440; -1;
922; 415; 415;
923; 405; 405;
924; 435; -1;
925; 425; -1;
926; 440; -1;
927; 405; -1;
928; 425; 425;
929; 420; 325;
930; 430; 290;
931; 420; 145;
932; 410; -1;
933; 440; 325;
934; 435; -1;
935; 425; 220;
936; 430; -1;
937; 430; -1;
938; 450; 265;
939; 430; 250;
940; 425; -1;
941; 410; 235;
942; 415; 415;
943; 410; 410;
944; 415; 260;
945; 410; -1;
946; 430; 355;
947; 430; -1;
948; 420; 245;
949; 420; 200;
950; 430; 350;
951; 425; 210;
952; 430; -1;
953; 425; 425;
954; 440; 325;
955; 420; 380;
956; 430; -1;
957; 410; 260;
958; 445; 315;
959; 425; 425;
960; 405; 355;
961; 415; 110;
962; 435; 325;
963; 430; 350;
964; 440; -1;
965; 430; -1;
966; 415; -1;
967; 425; 365;
968; 415; 310;
969; 420; 245;
970; 415; -1;
971; 410; -1;
972; 420; 275;
973; 435; -1;
974; 440; 380;
975; 440; 440;
976; 440; 340;
977; 425; 180;
978; 445; 345;
979; 435; 435;
980; 425; -1;
981; 435; 235;
982; 425; 345;
983; 440; -1;
984; 420; 350;
985; 410; 335;
986; 410; -1;
987; 410; -1;
988; 440; -1;
989; 435; 140;
990; 425; 260;
991; 430; -1;
992; 430; 355;
993; 415; 290;
994; 430; 170;
995; 435; 215;
996; 410; 190;
997; 415; 275;
998; 420; 320;
999; 425; -1;
1000; 440; -1;
